%YAML:1.0
trainingData: !!opencv-matrix
   rows: 4
   cols: 240
   dt: f
   data: [ 4.60829493e-003, 7.42447516e-003, 6.14439324e-003, 0., 0., 0.,
       1.35688689e-002, 0., 2.56016385e-004, 4.35227854e-003,
       2.81618023e-003, 2.30414746e-003, 1.79211469e-003, 0.,
       2.38095243e-002, 7.42447516e-003, 5.88837685e-003,
       5.12032770e-004, 7.68049154e-004, 0., 5.12032770e-004,
       1.07526882e-002, 4.09626216e-003, 3.58422939e-003,
       2.56016385e-004, 8.19252431e-003, 2.81618023e-003,
       2.56016385e-004, 1.20327706e-002, 2.56016385e-004,
       1.28008192e-003, 0., 2.81618023e-003, 4.60829493e-003,
       3.32821300e-003, 0., 0., 2.56016385e-004, 6.65642601e-003,
       8.70455708e-003, 5.37634408e-003, 5.12032770e-004,
       5.88837685e-003, 0., 0., 1.28008192e-003, 0., 1.28008192e-003,
       1.68970823e-002, 5.37634408e-003, 1.79211469e-003,
       8.19252431e-003, 0., 8.44854116e-003, 4.60829493e-003, 0., 0.,
       1.99692789e-002, 1.28008192e-003, 5.12032770e-004, 0.,
       1.53609831e-003, 0., 1.53609831e-003, 5.63236047e-003, 0.,
       7.68049154e-004, 0., 1.28008192e-003, 0., 6.65642601e-003,
       7.68049154e-004, 3.84024577e-003, 1.02406554e-003,
       4.60829493e-003, 0., 0., 1.28008192e-003, 1.53609831e-003,
       4.09626216e-003, 2.56016385e-003, 2.56016385e-004,
       5.88837685e-003, 3.07219662e-003, 3.84024577e-003,
       2.56016385e-003, 7.42447516e-003, 9.47260670e-003,
       6.40040962e-003, 6.40040962e-003, 4.86431131e-003,
       1.02406554e-002, 0., 4.60829493e-003, 7.16845877e-003,
       4.60829493e-003, 0., 4.60829493e-003, 1.10087050e-002, 0.,
       2.04813108e-003, 5.37634408e-003, 3.58422939e-003,
       1.28008192e-003, 5.12032770e-004, 3.07219662e-003,
       1.28008192e-003, 0., 3.84024577e-003, 0., 1.25448033e-002,
       1.61290318e-002, 1.53609831e-003, 5.12032770e-004, 0.,
       4.35227854e-003, 2.56016385e-004, 4.09626216e-003,
       1.38248848e-002, 0., 1.53609831e-003, 2.81618023e-003,
       1.79211469e-003, 5.12032770e-004, 3.84024577e-003,
       3.84024577e-003, 6.14439324e-003, 0., 8.96057393e-003,
       3.32821300e-003, 1.97132621e-002, 4.60829493e-003,
       3.84024577e-003, 0., 3.84024577e-003, 5.63236047e-003,
       3.84024577e-003, 7.42447516e-003, 7.68049154e-004, 0.,
       8.70455708e-003, 3.84024577e-003, 0., 4.35227854e-003,
       5.37634408e-003, 2.04813108e-003, 9.47260670e-003,
       2.56016385e-004, 3.58422939e-003, 2.81618023e-003,
       5.88837685e-003, 2.81618023e-003, 2.04813108e-003,
       7.68049154e-004, 6.14439324e-003, 5.63236047e-003,
       1.28008192e-003, 9.47260670e-003, 4.35227854e-003,
       1.02406554e-003, 6.14439324e-003, 2.56016385e-003,
       1.76651310e-002, 1.45929344e-002, 0., 7.93650839e-003,
       5.12032770e-004, 7.68049154e-004, 5.88837685e-003,
       7.42447516e-003, 3.58422939e-003, 7.16845877e-003,
       7.68049154e-003, 0., 0., 3.58422939e-003, 3.84024577e-003,
       6.65642601e-003, 0., 9.98463947e-003, 5.88837685e-003, 0.,
       2.56016385e-003, 4.09626216e-003, 7.16845877e-003,
       2.56016385e-003, 7.68049154e-004, 4.35227854e-003, 0.,
       5.12032770e-004, 6.91244239e-003, 5.37634408e-003, 0.,
       1.63850486e-002, 1.53609831e-003, 2.04813108e-003,
       5.12032770e-003, 2.04813108e-003, 1.07526882e-002,
       2.45775729e-002, 1.10087050e-002, 4.35227854e-003,
       3.84024577e-003, 6.40040962e-003, 6.14439324e-003,
       1.53609831e-003, 4.35227854e-003, 5.12032770e-004,
       7.93650839e-003, 1.58730168e-002, 1.79211469e-003,
       1.79211469e-003, 2.81618023e-003, 4.09626216e-003,
       4.86431131e-003, 5.63236047e-003, 1.04966722e-002,
       1.02406554e-003, 3.07219662e-003, 1.71530973e-002,
       4.09626216e-003, 2.30414746e-003, 7.68049154e-004,
       1.20327706e-002, 3.84024577e-003, 2.81618023e-003,
       1.28008192e-003, 8.19252431e-003, 0., 2.30414746e-003,
       2.56016385e-004, 1.53609831e-003, 8.70455708e-003,
       3.07219662e-003, 5.12032770e-003, 1.15207378e-002,
       1.28008192e-003, 1.28008192e-003, 6.14439324e-003,
       5.12032770e-004, 5.54938975e-004, 4.99445060e-003, 0., 0., 0.,
       5.54938975e-004, 8.87902360e-003, 4.43951180e-003,
       1.60932299e-002, 5.54938975e-004, 4.99445060e-003, 0., 0., 0.,
       5.54938940e-003, 1.44284125e-002, 2.21975590e-003,
       1.83129851e-002, 2.60821301e-002, 3.88457277e-003, 0.,
       3.32963374e-003, 1.27635961e-002, 1.66481687e-003,
       1.10987795e-003, 0., 1.05438400e-002, 0., 3.88457277e-003, 0.,
       2.77469470e-003, 0., 2.21975590e-003, 2.21975590e-003,
       2.21975590e-003, 0., 0., 0., 1.05438400e-002, 1.22086573e-002,
       2.21975590e-003, 0., 1.99778024e-002, 3.32963374e-003, 0.,
       4.43951180e-003, 0., 7.76914554e-003, 0., 5.54938975e-004,
       4.43951180e-003, 0., 8.87902360e-003, 8.87902360e-003, 0., 0.,
       1.77580472e-002, 9.43396240e-003, 5.54938975e-004,
       7.21420627e-003, 5.54938940e-003, 2.77469470e-003,
       1.10987795e-003, 0., 1.10987795e-003, 4.99445060e-003,
       3.88457277e-003, 5.54938975e-004, 1.10987795e-003,
       1.10987795e-003, 2.21975590e-003, 0., 3.66259702e-002,
       3.88457277e-003, 1.33185349e-002, 0., 0., 0., 0., 0.,
       2.60821301e-002, 5.54938975e-004, 0., 0., 0., 0., 0.,
       1.66481687e-003, 2.77469470e-003, 0., 3.88457277e-003,
       4.43951180e-003, 0., 0., 4.99445060e-003, 0., 2.44173147e-002,
       1.66481687e-003, 3.32963374e-003, 9.43396240e-003,
       4.99445060e-003, 0., 0., 5.54938975e-004, 0., 1.10987795e-003, 0.,
       0., 3.88457277e-003, 1.10987795e-003, 1.33185349e-002,
       8.32408480e-003, 0., 1.33185349e-002, 0., 0., 1.33185349e-002, 0.,
       6.10432867e-003, 1.66481687e-003, 3.32963374e-003,
       1.66481687e-003, 1.66481687e-003, 2.33074371e-002,
       4.99445060e-003, 0., 0., 0., 1.10987795e-003, 6.65926747e-003,
       1.22086573e-002, 1.10987795e-003, 0., 6.10432867e-003, 0.,
       5.54938975e-004, 0., 1.38734737e-002, 1.10987795e-003, 0., 0., 0.,
       0., 1.33185349e-002, 0., 5.54938940e-003, 7.76914554e-003, 0.,
       4.99445060e-003, 3.32963374e-003, 1.16537185e-002, 0.,
       1.72031075e-002, 0., 5.54938975e-004, 5.54938975e-004, 0.,
       7.21420627e-003, 1.66481687e-003, 0., 9.98890121e-003,
       3.32963374e-003, 5.54938975e-004, 1.66481687e-003,
       1.94228627e-002, 6.65926747e-003, 0., 0., 2.77469470e-003,
       2.77469470e-003, 5.54938975e-004, 5.54938975e-004,
       8.32408480e-003, 0., 1.10987788e-002, 0., 1.10987795e-003,
       4.43951180e-003, 1.99778024e-002, 1.10987795e-003,
       7.21420627e-003, 1.38734737e-002, 1.10987788e-002,
       5.54938975e-004, 5.54938975e-004, 5.54938975e-004,
       3.32963374e-003, 0., 0., 0., 1.05438400e-002, 3.32963374e-003,
       3.55160944e-002, 2.77469470e-003, 3.88457277e-003,
       7.21420627e-003, 2.77469470e-003, 5.54938975e-004,
       5.54938975e-004, 5.54938940e-003, 1.88679248e-002,
       9.98890121e-003, 5.54938975e-004, 2.16426197e-002,
       1.10987788e-002, 5.54938975e-004, 5.54938975e-004, 0.,
       8.32408480e-003, 7.76914554e-003, 5.54938975e-004,
       6.65926747e-003, 0., 0., 2.21975590e-003, 6.65926747e-003,
       2.21975590e-003, 9.98890121e-003, 1.66481687e-003,
       5.54938940e-003, 6.65926747e-003, 0., 0., 0., 0., 0.,
       5.54938940e-003, 0., 0., 1.66481687e-003, 5.54938975e-004, 0.,
       6.65926747e-003, 0., 2.21975590e-003, 2.21975590e-003,
       5.54938975e-004, 5.54938975e-004, 0., 1.10987795e-003,
       1.66666671e-003, 8.33333377e-003, 8.33333354e-004,
       8.33333354e-004, 0., 0., 1.08333332e-002, 8.33333354e-004, 0.,
       3.33333341e-003, 4.16666688e-003, 0., 8.33333354e-004, 0.,
       1.08333332e-002, 4.16666688e-003, 4.16666688e-003,
       1.16666667e-002, 8.33333354e-004, 0., 0., 8.33333354e-004,
       4.99999989e-003, 1.08333332e-002, 8.33333354e-004,
       8.33333354e-004, 0., 0., 1.66666671e-003, 0., 0., 0.,
       7.49999983e-003, 1.16666667e-002, 1.91666670e-002,
       3.33333341e-003, 0., 0., 5.83333336e-003, 5.83333336e-003, 0., 0.,
       2.25000009e-002, 0., 0., 2.49999994e-003, 1.66666671e-003,
       8.33333354e-004, 5.83333336e-003, 4.99999989e-003, 0., 0., 0.,
       2.25000009e-002, 0., 6.66666683e-003, 0., 1.58333331e-002, 0.,
       8.33333354e-004, 0., 0., 0., 0., 1.66666671e-003, 1.66666671e-003,
       0., 8.33333354e-004, 4.99999989e-003, 0., 5.58333322e-002, 0.,
       2.66666673e-002, 8.33333354e-004, 0., 0., 0., 0., 1.66666671e-003,
       4.16666688e-003, 7.49999983e-003, 6.66666683e-003,
       1.66666671e-003, 8.33333354e-004, 0., 0., 8.33333354e-004,
       1.66666671e-003, 0., 0., 0., 8.33333377e-003, 0., 4.16666688e-003,
       1.16666667e-002, 8.33333354e-004, 4.99999989e-003,
       6.66666683e-003, 4.99999989e-003, 8.33333354e-004, 0.,
       3.33333341e-003, 3.33333341e-003, 0., 0., 8.33333354e-004,
       9.16666631e-003, 0., 0., 0., 4.99999989e-003, 2.74999999e-002,
       2.49999994e-003, 8.33333354e-004, 0., 0., 0., 0., 8.33333354e-004,
       0., 0., 5.83333336e-003, 8.33333377e-003, 0., 1.99999996e-002, 0.,
       1.08333332e-002, 0., 2.49999994e-003, 1.66666671e-003,
       2.08333340e-002, 8.33333354e-004, 0., 0., 0., 1.66666671e-003, 0.,
       0., 5.83333336e-003, 0., 1.08333332e-002, 0., 0., 2.41666660e-002,
       8.33333354e-004, 2.49999994e-003, 8.33333354e-004, 0., 0.,
       1.25000002e-002, 8.33333354e-004, 0., 6.66666683e-003,
       7.49999983e-003, 4.16666688e-003, 1.25000002e-002,
       8.33333354e-004, 3.33333341e-003, 0., 8.33333354e-004,
       1.33333337e-002, 4.99999989e-003, 8.33333377e-003,
       6.66666683e-003, 0., 1.66666671e-003, 4.16666688e-003,
       3.33333341e-003, 8.33333354e-004, 3.33333341e-003, 0.,
       2.49999994e-003, 6.66666683e-003, 0., 8.33333354e-004,
       8.33333354e-004, 0., 9.99999978e-003, 8.33333354e-004,
       5.83333336e-003, 5.83333336e-003, 4.16666688e-003,
       1.25000002e-002, 8.33333354e-004, 4.16666688e-003,
       8.33333377e-003, 2.49999994e-003, 0., 0., 1.08333332e-002,
       1.99999996e-002, 1.08333332e-002, 0., 5.83333336e-003, 0.,
       1.66666671e-003, 1.16666667e-002, 4.16666688e-003,
       4.16666688e-003, 2.49999994e-003, 8.33333354e-004,
       2.08333340e-002, 2.49999994e-003, 5.83333336e-003,
       1.83333326e-002, 1.16666667e-002, 9.16666631e-003,
       6.66666683e-003, 2.49999994e-003, 3.24999988e-002,
       5.83333336e-003, 1.49999997e-002, 0., 3.33333341e-003, 0.,
       1.49999997e-002, 4.99999989e-003, 6.66666683e-003, 0.,
       8.33333377e-003, 8.33333354e-004, 0., 0., 3.33333341e-003, 0., 0.,
       8.33333354e-004, 4.99999989e-003, 0., 1.66666671e-003,
       9.99999978e-003, 2.49999994e-003, 8.33333354e-004, 0.,
       8.33333354e-004, 4.99999989e-003, 8.33333354e-004,
       8.33333354e-004, 7.49999983e-003, 4.99999989e-003,
       5.35178185e-003, 8.87612626e-003, 3.91593785e-004,
       4.04646900e-003, 4.17700037e-003, 3.39381280e-003,
       1.00509068e-002, 2.61062523e-003, 5.35178185e-003,
       6.52656308e-004, 2.34956271e-003, 2.08850019e-003,
       1.56637514e-003, 5.61284414e-003, 1.94491576e-002,
       2.48009409e-003, 5.22125047e-003, 7.17921928e-003,
       1.30531262e-004, 6.39603194e-003, 5.61284414e-003,
       4.56859404e-003, 2.87168776e-003, 5.61284414e-003,
       6.91815699e-003, 1.04425009e-003, 4.30753175e-003,
       6.91815699e-003, 5.61284414e-003, 2.74115661e-003,
       9.00665671e-003, 3.78540670e-003, 1.26615325e-002,
       4.17700037e-003, 1.30531262e-003, 6.78762561e-003,
       3.26328166e-003, 5.74337551e-003, 6.26550056e-003,
       4.04646900e-003, 1.56637514e-003, 3.91593808e-003,
       1.43584388e-003, 0., 3.26328166e-003, 6.52656308e-004,
       4.30753175e-003, 2.61062523e-003, 8.09293799e-003,
       1.04425009e-003, 3.39381280e-003, 1.17478136e-003,
       2.87168776e-003, 1.81438457e-002, 3.91593785e-004,
       1.30531262e-004, 6.52656308e-004, 1.24004697e-002,
       6.65709423e-003, 5.09071909e-003, 0., 5.48231322e-003,
       6.00443827e-003, 3.91593808e-003, 2.74115661e-003,
       4.43806313e-003, 3.65487533e-003, 3.00221913e-003,
       1.56637514e-003, 1.82743766e-003, 4.69912542e-003,
       3.65487533e-003, 1.69690640e-003, 5.87390689e-003,
       6.52656308e-004, 3.00221913e-003, 6.26550056e-003,
       5.74337551e-003, 1.17478136e-003, 2.08850019e-003,
       1.69690640e-003, 1.82743766e-003, 1.30531262e-003,
       1.56637514e-003, 0., 4.30753175e-003, 5.35178185e-003,
       5.61284414e-003, 6.26550056e-003, 3.91593785e-004,
       1.04425009e-003, 5.48231322e-003, 5.74337551e-003, 0.,
       4.43806313e-003, 1.30531262e-003, 1.17478136e-003,
       4.04646900e-003, 1.73606575e-002, 3.91593785e-004,
       5.35178185e-003, 1.95796904e-003, 1.56637514e-003,
       3.91593785e-004, 3.26328166e-003, 7.44028203e-003,
       1.95796904e-003, 4.82965680e-003, 0., 6.91815699e-003,
       1.89270321e-002, 1.52721573e-002, 5.35178185e-003,
       1.30531262e-004, 4.04646900e-003, 6.00443827e-003,
       6.52656308e-004, 3.91593785e-004, 8.61506350e-003,
       6.52656332e-003, 3.26328166e-003, 1.69690640e-003,
       1.43584388e-003, 0., 5.61284414e-003, 1.43584388e-003,
       4.56859404e-003, 2.21903156e-003, 2.08850019e-003,
       2.21903156e-003, 3.77235338e-002, 2.48009409e-003,
       7.83187570e-004, 6.39603194e-003, 2.61062523e-004,
       1.43584388e-003, 1.30531262e-004, 3.00221913e-003,
       5.09071909e-003, 1.69690640e-003, 4.17700037e-003,
       6.52656308e-004, 3.52434418e-003, 7.17921928e-003,
       3.91593785e-004, 7.44028203e-003, 1.30531262e-003,
       3.39381280e-003, 5.09071909e-003, 2.21903156e-003,
       2.34956271e-003, 7.83187570e-004, 4.82965680e-003,
       3.91593785e-004, 1.09646264e-002, 7.30975065e-003,
       2.74115661e-003, 7.83187570e-004, 1.04425009e-003,
       3.52434418e-003, 4.56859404e-003, 5.48231322e-003,
       5.61284414e-003, 5.09071909e-003, 0., 1.17478138e-002,
       6.13496918e-003, 4.82965680e-003, 1.04425009e-002,
       3.26328166e-003, 1.56637514e-003, 3.65487533e-003,
       3.26328166e-003, 1.69690640e-003, 4.04646900e-003,
       3.91593785e-004, 3.91593785e-004, 7.70134432e-003,
       6.52656308e-004, 7.04868836e-003, 2.61062523e-003,
       7.83187570e-004, 7.96240661e-003, 5.87390689e-003,
       1.65774710e-002, 1.69690640e-003, 7.70134432e-003,
       2.61062523e-004, 2.08850019e-003, 1.04425009e-003,
       8.22346937e-003, 2.34956271e-003, 1.30531262e-004,
       3.13275028e-003, 3.26328166e-003, 3.78540670e-003,
       1.86659712e-002, 3.39381280e-003, 4.17700037e-003,
       6.91815699e-003, 4.43806313e-003, 1.56637514e-003,
       3.00221913e-003, 2.74115661e-003, 2.74115661e-003,
       3.13275028e-003, 2.61062523e-003, 2.08850019e-003,
       3.39381280e-003, 1.34447198e-002, 1.69690640e-003,
       2.61062523e-003, 0., 9.92037635e-003, 1.04425009e-003,
       6.26550056e-003, 4.56859404e-003, 1.95796904e-003,
       9.13718832e-004, 1.26615325e-002, 2.61062523e-003,
       1.30531262e-004, 1.69690640e-003, 5.48231322e-003,
       9.13718832e-004, 5.22125047e-004, 1.56637514e-003,
       1.30531262e-003, 2.08850019e-003, 5.35178185e-003,
       3.91593785e-004, 6.65709423e-003, 9.13718808e-003,
       1.43584388e-003, 5.61284414e-003, 3.00221913e-003,
       3.78540670e-003, 8.22346937e-003, 1.04425009e-003,
       1.56637514e-003 ]
trainingClassification: !!opencv-matrix
   rows: 4
   cols: 1
   dt: i
   data: [ 62437, 46760, 49219, 5737 ]
